# 均值回归策略参数优化结果

优化股票: **长江电力(600900)** + **国投电力(600886)**

参数网格:
- 布林带周期: 
- 标准差倍数: 
- 止损比例: 
- 总组合数: 54 (各27)

---

## 长江电力 (600900)

### 按年化收益率排序 TOP 10

| 布林周期 | 标准差 | 止损 | 年化收益率 | 夏普比率 | 最大回撤 | 胜率 |
|:--------:|:-------:|:-----:|-----------:|---------:|---------:|-------:|
| 15 | 1.8 | 25% | 6.13% | 0.64 | 23.83% | 67.8% |
| 20 | 2.0 | 25% | 6.05% | 0.53 | 20.01% | 77.8% |
| 15 | 2.2 | 20% | 5.67% | 0.66 | 15.67% | 71.4% |
| 15 | 1.8 | 20% | 5.66% | 0.55 | 30.75% | 67.8% |
| 20 | 2.0 | 20% | 5.57% | 0.46 | 27.28% | 77.8% |
| 15 | 2.2 | 25% | 5.45% | 0.61 | 19.16% | 71.4% |
| 15 | 1.8 | 15% | 5.41% | 0.50 | 28.40% | 67.0% |
| 20 | 2.0 | 15% | 5.37% | 0.43 | 24.81% | 76.4% |
| 15 | 2.2 | 15% | 5.24% | 0.56 | 22.18% | 70.0% |
| 15 | 2.0 | 25% | 5.14% | 0.49 | 23.03% | 66.7% |

### 按夏普比率排序 TOP 10（风险调整后收益）

| 布林周期 | 标准差 | 止损 | 年化收益率 | 夏普比率 | 最大回撤 | 胜率 |
|:--------:|:-------:|:-----:|-----------:|---------:|---------:|-------:|
| 15 | 2.2 | 20% | 5.67% | 0.66 | 15.67% | 71.4% |
| 15 | 1.8 | 25% | 6.13% | 0.64 | 23.83% | 67.8% |
| 15 | 2.2 | 25% | 5.45% | 0.61 | 19.16% | 71.4% |
| 15 | 2.2 | 15% | 5.24% | 0.56 | 22.18% | 70.0% |
| 15 | 1.8 | 20% | 5.66% | 0.55 | 30.75% | 67.8% |
| 20 | 2.0 | 25% | 6.05% | 0.53 | 20.01% | 77.8% |
| 20 | 1.8 | 20% | 4.95% | 0.51 | 20.82% | 74.2% |
| 15 | 1.8 | 15% | 5.41% | 0.50 | 28.40% | 67.0% |
| 15 | 2.0 | 25% | 5.14% | 0.49 | 23.03% | 66.7% |
| 20 | 2.0 | 20% | 5.57% | 0.46 | 27.28% | 77.8% |

### 优质参数（年化 > 5% 且 最大回撤 < 40%）按夏普排序

| 布林周期 | 标准差 | 止损 | 年化收益率 | 夏普比率 | 最大回撤 | 胜率 |
|:--------:|:-------:|:-----:|-----------:|---------:|---------:|-------:|
| 15 | 2.2 | 20% | 5.67% | 0.66 | 15.67% | 71.4% |
| 15 | 1.8 | 25% | 6.13% | 0.64 | 23.83% | 67.8% |
| 15 | 2.2 | 25% | 5.45% | 0.61 | 19.16% | 71.4% |
| 15 | 2.2 | 15% | 5.24% | 0.56 | 22.18% | 70.0% |
| 15 | 1.8 | 20% | 5.66% | 0.55 | 30.75% | 67.8% |
| 20 | 2.0 | 25% | 6.05% | 0.53 | 20.01% | 77.8% |
| 15 | 1.8 | 15% | 5.41% | 0.50 | 28.40% | 67.0% |
| 15 | 2.0 | 25% | 5.14% | 0.49 | 23.03% | 66.7% |
| 20 | 2.0 | 20% | 5.57% | 0.46 | 27.28% | 77.8% |
| 20 | 2.0 | 15% | 5.37% | 0.43 | 24.81% | 76.4% |

---

## 国投电力 (600886)

### 按年化收益率排序 TOP 10

| 布林周期 | 标准差 | 止损 | 年化收益率 | 夏普比率 | 最大回撤 | 胜率 |
|:--------:|:-------:|:-----:|-----------:|---------:|---------:|-------:|
| 20 | 2.0 | 20% | 6.32% | 0.37 | 42.93% | 69.0% |
| 20 | 1.8 | 25% | 6.21% | 0.33 | 40.42% | 72.1% |
| 20 | 2.0 | 15% | 5.89% | 0.35 | 37.00% | 67.8% |
| 20 | 1.8 | 20% | 5.66% | 0.30 | 44.44% | 70.8% |
| 20 | 2.0 | 25% | 5.54% | 0.32 | 42.73% | 69.1% |
| 25 | 1.8 | 20% | 5.48% | 0.28 | 56.15% | 70.9% |
| 25 | 1.8 | 15% | 5.10% | 0.26 | 45.99% | 69.9% |
| 25 | 1.8 | 25% | 5.02% | 0.26 | 59.33% | 70.9% |
| 20 | 1.8 | 15% | 4.63% | 0.25 | 44.25% | 68.1% |
| 25 | 2.0 | 20% | 3.69% | 0.21 | 55.37% | 69.6% |

### 按夏普比率排序 TOP 10（风险调整后收益）

| 布林周期 | 标准差 | 止损 | 年化收益率 | 夏普比率 | 最大回撤 | 胜率 |
|:--------:|:-------:|:-----:|-----------:|---------:|---------:|-------:|
| 20 | 2.0 | 20% | 6.32% | 0.37 | 42.93% | 69.0% |
| 20 | 2.0 | 15% | 5.89% | 0.35 | 37.00% | 67.8% |
| 20 | 1.8 | 25% | 6.21% | 0.33 | 40.42% | 72.1% |
| 20 | 2.0 | 25% | 5.54% | 0.32 | 42.73% | 69.1% |
| 20 | 1.8 | 20% | 5.66% | 0.30 | 44.44% | 70.8% |
| 25 | 1.8 | 20% | 5.48% | 0.28 | 56.15% | 70.9% |
| 25 | 1.8 | 15% | 5.10% | 0.26 | 45.99% | 69.9% |
| 25 | 1.8 | 25% | 5.02% | 0.26 | 59.33% | 70.9% |
| 20 | 1.8 | 15% | 4.63% | 0.25 | 44.25% | 68.1% |
| 25 | 2.0 | 25% | 3.68% | 0.21 | 57.03% | 68.7% |

### 优质参数（年化 > 5% 且 最大回撤 < 40%）按夏普排序

| 布林周期 | 标准差 | 止损 | 年化收益率 | 夏普比率 | 最大回撤 | 胜率 |
|:--------:|:-------:|:-----:|-----------:|---------:|---------:|-------:|
| 20 | 2.0 | 15% | 5.89% | 0.35 | 37.00% | 67.8% |
